Abp=[0,0,0,0,0,0,0,0,1,0,0,0,0,0,0,0;0,0,0,0,0,0,0,0,0,1,0,0,0,0,0,0;0,0,0, ...
  0,0,0,0,0,0,0,1,0,0,0,0,0;0,0,0,0,0,0,0,0,0,0,0,1,0,0,0,0;0,0,0,0,0,0,0, ...
  0,0,0,0,0,1,0,0,0;0,0,0,0,0,0,0,0,0,0,0,0,0,1,0,0;0,0,0,0,0,0,0,0,0,0,0, ...
  0,0,0,1,0;0,0,0,0,0,0,0,0,0,0,0,0,0,0,0,1;0,0,0,0.248825E-12,0.981E1, ...
  0.189085E-15,0.772043E1,0.768404E1,0.E-307,0.E-307,0.E-307,0.E-307, ...
  0.E-307,0.E-307,0.E-307,0.E-307;0,0,0,(-0.980852E1),0.347534E-10, ...
  0.E-307,0.124723E0,(-0.125342E0),0.E-307,0.E-307,0.E-307,0.E-307, ...
  0.E-307,0.E-307,0.E-307,0.E-307;0,0,0,0.53247E-9,0.131382E-7, ...
  0.16372E-19,(-0.387885E0),(-0.384988E0),0.E-307,0.E-307,0.E-307,0.E-307, ...
  0.E-307,0.E-307,0.E-307,0.E-307;0,0,0,0.129431E-7,(-0.351037E-8),( ...
  -0.172608E-16),0.388774E1,(-0.388816E1),0.E-307,0.E-307,0.E-307,0.E-307, ...
  0.E-307,0.E-307,0.E-307,0.E-307;0,0,0,0.27718E-4,0.104729E-7,( ...
  -0.273274E-15),0.117614E3,0.11829E3,0.E-307,0.E-307,0.E-307,0.E-307, ...
  0.E-307,0.E-307,0.E-307,0.E-307;0,0,0,(-0.317598E-3),(-0.120001E-6), ...
  0.454513E-17,0.681144E2,(-0.682757E2),0.E-307,0.E-307,0.E-307,0.E-307, ...
  0.E-307,0.E-307,0.E-307,0.E-307;0,0,0,(-0.940774E-4),(-0.182585E-4), ...
  0.175762E-15,(-0.111223E3),(-0.123794E3),0.E-307,0.E-307,0.E-307, ...
  0.E-307,0.E-307,0.E-307,0.E-307,0.E-307;0,0,0,0.546785E-14,0.213163E-13, ...
  0.263369E-17,(-0.12309E3),(-0.111905E3),0.E-307,0.E-307,0.E-307,0.E-307, ...
  0.E-307,0.E-307,0.E-307,0.E-307];
Bbp=[0,0,0,0;0,0,0,0;0,0,0,0;0,0,0,0;0,0,0,0;0,0,0,0;0,0,0,0;0,0,0,0; ...
  0.304659E-3,(-0.303576E-3),(-0.210603E1),(-0.210809E1);0.191816E0,( ...
  -0.191133E0),0.815081E-2,(-0.773896E-2);0.505806E0,0.499478E0,0.29357E0, ...
  0.293512E0;(-0.621247E1),0.619037E1,(-0.296597E-1),0.303076E-1; ...
  0.746303E-3,(-0.743768E-3),(-0.894512E2),(-0.894429E2);0.554697E0,( ...
  -0.552723E0),0.226986E1,(-0.213973E1);0.476454E-1,(-0.474754E-1), ...
  0.132284E5,0.88915E2;(-0.489706E-1),0.487964E-1,0.88915E2,0.132283E5];
Cbp=[1,0,0,0,0,0,0,0,0,0,0,0,0,0,0,0;0,1,0,0,0,0,0,0,0,0,0,0,0,0,0,0;0,0,1, ...
  0,0,0,0,0,0,0,0,0,0,0,0,0;0,0,0,0,0,1,0,0,0,0,0,0,0,0,0,0];
pntbp=[(-0.155986E-3),(-0.173469E-1),0.17397E-1,0.171653E-1,0.974116E1, ...
  0.977594E1,0.E-307,0.E-307];
