rolleq = -1.559860000000000e-04
pitcheq = -0.017346900000000
aReq = 0.017397000000000
aLeq = 0.017165300000000

K =

  Columns 1 through 5

   0.001061208112855   3.095220631112246   3.560259191233044 -10.729863657434219   0.015774842413909
   0.000382677066972  -3.084474523110329   3.572734418588530  10.697582615095177   0.014038859249674
   0.025448410051929  -0.002296600329527  -0.000005342627583   0.009643830908894   0.096259656009916
   0.025502593704066   0.002285851917801  -0.000005147036032  -0.009594110894782   0.096443902991815

  Columns 6 through 10

   0.806485610663944   0.078999674488821  -0.078665607273218   0.001761121390644   2.692819022376055
  -0.803603125457992  -0.078433125970031   0.078662281974900   0.001262669612252  -2.683823938441937
   0.080682747951477   0.292143235857104   0.004770179053811   0.023059684955404  -0.002191018705070
  -0.080478046615840   0.004819275689272   0.292403136560160   0.023108709249397   0.002180242417387

  Columns 11 through 15

   2.775554316556502  -1.776711096494242   0.009189511990119   0.167417958317943   0.000387922564067
   2.785587425683395   1.774026438197887   0.008976607359441  -0.166818523401276  -0.000385315158708
   0.000002062445698   0.002012182664739   0.017664775520566   0.023708420892481   0.007670512402321
   0.000002014740003  -0.002001060387771   0.017684500426855  -0.023648191787312   0.000131725190320

  Column 16

  -0.000386956237561
   0.000386751979629
   0.000131179127006
   0.007672528576484

F = 7.742354911319124   7.452125992789735                   0                   0
