A=[0,0,0,0,0,0,0,0,1,0,0,0,0,0,0,0;0,0,0,0,0,0,0,0,0,1,0,0,0,0,0,0;0,0,0, ...
  0,0,0,0,0,0,0,1,0,0,0,0,0;0,0,0,0,0,0,0,0,0,0,0,1,0,0,0,0;0,0,0,0,0,0,0, ...
  0,0,0,0,0,1,0,0,0;0,0,0,0,0,0,0,0,0,0,0,0,0,1,0,0;0,0,0,0,0,0,0,0,0,0,0, ...
  0,0,0,1,0;0,0,0,0,0,0,0,0,0,0,0,0,0,0,0,1;0,0,0,(-0.135525E-19),0.981E1, ...
  0.111019E-15,0.493393E1,0.491346E1,0.E-307,0.E-307,0.E-307,0.E-307, ...
  0.E-307,0.E-307,0.E-307,0.E-307;0,0,0,(-0.980747E1),(-0.251399E-17),( ...
  -0.117052E-16),(-0.383193E-1),0.37678E-1,0.E-307,0.E-307,0.E-307, ...
  0.E-307,0.E-307,0.E-307,0.E-307,0.E-307;0,0,0,0.111049E-15,0.858427E-16, ...
  0.472249E-24,0.205894E-2,(-0.36422E-3),0.E-307,0.E-307,0.E-307,0.E-307, ...
  0.E-307,0.E-307,0.E-307,0.E-307;0,0,0,0.444089E-15,0.442354E-15, ...
  0.638333E-19,0.601799E1,(-0.58374E1),0.E-307,0.E-307,0.E-307,0.E-307, ...
  0.E-307,0.E-307,0.E-307,0.E-307;0,0,0,0.44062E-15,(-0.406576E-18), ...
  0.118009E-21,0.166282E-1,(-0.184361E-1),0.E-307,0.E-307,0.E-307,0.E-307, ...
  0.E-307,0.E-307,0.E-307,0.E-307;0,0,0,0.E-307,0.13932E-16,0.554046E-22,( ...
  -0.136683E0),0.132581E0,0.E-307,0.E-307,0.E-307,0.E-307,0.E-307,0.E-307, ...
  0.E-307,0.E-307;0,0,0,(-0.352149E-15),(-0.19807E-16),(-0.503785E-21),( ...
  -0.284442E-1),0.298888E-1,0.E-307,0.E-307,0.E-307,0.E-307,0.E-307, ...
  0.E-307,0.E-307,0.E-307;0,0,0,(-0.21684E-17),(-0.153144E-17), ...
  0.530606E-21,(-0.463654E-2),0.679547E-2,0.E-307,0.E-307,0.E-307,0.E-307, ...
  0.E-307,0.E-307,0.E-307,0.E-307];
B=[0,0,0,0;0,0,0,0;0,0,0,0;0,0,0,0;0,0,0,0;0,0,0,0;0,0,0,0;0,0,0,0;( ...
  -0.265247E-3),0.266343E-3,0.30806E-5,0.496084E-5;0.89644E-1,( ...
  -0.900145E-1),0.790419E-3,0.155038E-3;0.502726E0,0.502546E0,0.153633E-5, ...
  0.39968E-6;(-0.959332E1),0.963298E1,(-0.165586E0),(-0.324792E-1);( ...
  -0.283783E-1),0.284956E-1,0.645195E-3,0.103898E-2;0.217848E0,( ...
  -0.218749E0),0.375983E-2,0.738712E-3;0.472039E-1,(-0.47399E-1), ...
  0.226408E4,(-0.97085E-3);0.925853E-2,(-0.92968E-2),(-0.97085E-3), ...
  0.226408E4];
C=[1,0,0,0,0,0,0,0,0,0,0,0,0,0,0,0;0,1,0,0,0,0,0,0,0,0,0,0,0,0,0,0;0,0,1, ...
  0,0,0,0,0,0,0,0,0,0,0,0,0;0,0,0,0,0,1,0,0,0,0,0,0,0,0,0,0];
pnt=[0.180856E-3,(-0.227103E-1),0.223672E-1,0.228818E-1,0.977867E1, ...
  0.973842E1,0.E-307,0.E-307];
